1000
79 67 41
24 100 35
20 94 40
72 45 65
28 74 83
30 86 56
47 92 81
13 45 52
16 35 59
51 46 69
53 66 72
73 94 6
7 72 10
55 37 9
96 23 79
91 2 82
70 67 75
2 32 95
65 19 26
53 86 23
99 95 91
79 48 79
98 6 75
67 5 11
32 27 27
24 84 57
34 5 87
28 2 36
82 93 96
4 84 60
59 46 2
91 88 3
3 31 48
100 33 89
17 69 21
37 87 8
33 20 79
44 19 7
10 9 17
75 76 37
90 47 68
45 94 28
23 7 57
3 75 98
5 34 58
23 24 41
17 46 54
34 44 91
53 52 65
85 55 91
55 65 61
65 46 89
53 97 9
61 85 22
2 93 86
20 39 43
91 96 80
55 32 37
38 27 52
32 47 87
52 69 42
50 45 96
2 20 12
14 98 61
76 78 55
100 18 7
96 10 58
93 5 46
44 62 13
18 57 73
84 63 23
28 88 81
34 99 40
69 91 72
47 85 3
62 87 92
37 59 59
100 89 96
88 5 55
24 89 95
76 9 32
13 66 1
49 37 81
3 98 22
12 33 57
50 20 90
84 69 3
100 54 94
0 99 43
32 67 10
75 37 68
93 91 57
58 99 46
37 21 1
66 25 14
23 3 100
100 45 18
28 58 46
2 77 57
87 22 56
43 19 26
63 18 95
21 89 97
82 98 10
7 83 47
26 26 94
34 72 75
15 28 37
36 61 83
34 74 94
61 65 100
93 62 100
77 18 99
6 97 77
29 71 99
85 86 56
39 94 64
82 19 81
4 47 1
85 68 41
89 48 41
12 72 15
12 88 91
33 24 78
98 80 87
41 97 37
37 24 17
55 94 27
98 4 46
18 28 91
6 27 73
17 32 44
74 76 22
44 65 58
67 1 56
35 8 16
46 60 87
51 61 95
93 21 57
65 34 26
97 58 73
98 22 42
5 66 37
37 56 98
49 18 95
22 2 57
90 78 19
46 13 17
78 3 72
10 5 43
91 77 4
11 60 98
48 69 67
57 28 81
21 26 87
87 37 39
67 48 15
79 31 94
14 12 58
99 8 47
61 29 41
79 48 76
42 13 34
73 35 23
3 38 18
16 96 54
38 92 85
8 34 45
58 58 81
83 98 82
72 96 80
16 10 4
54 31 99
35 55 45
100 27 67
5 47 66
32 71 93
51 36 99
73 81 87
84 79 48
5 74 9
93 73 82
57 71 100
15 72 4
54 69 77
56 44 57
0 20 21
0 33 60
15 81 30
46 25 23
44 52 32
37 54 52
23 66 83
66 69 9
37 26 33
16 81 32
84 95 42
76 27 10
71 87 7
69 82 83
67 19 16
36 60 91
63 74 95
69 96 3
45 61 96
84 58 8
94 30 1
39 5 87
16 5 23
39 43 22
87 37 94
16 12 2
67 67 62
66 75 25
59 31 96
14 30 25
7 38 80
19 32 19
12 85 59
70 35 42
84 48 1
94 20 21
89 42 1
69 26 21
27 61 19
30 15 68
68 88 23
67 83 21
21 6 39
13 99 9
31 3 8
52 71 98
89 84 47
82 47 46
92 4 28
26 7 46
43 44 59
56 65 95
57 64 92
29 81 85
15 29 66
79 88 11
65 70 12
36 69 53
52 37 89
56 57 34
54 7 5
3 66 73
77 88 1
95 85 18
100 31 11
81 69 83
67 56 15
84 98 25
46 100 56
42 67 14
52 27 3
52 68 11
19 61 77
84 18 41
93 85 66
4 38 5
17 81 100
79 37 2
45 54 78
92 82 14
11 92 53
50 78 61
72 36 27
46 100 80
84 90 42
15 74 4
23 5 33
79 4 33
92 80 87
70 72 24
13 94 70
99 91 5
22 95 30
74 98 45
76 47 70
21 63 84
0 42 24
38 96 19
5 97 10
75 53 41
38 4 40
82 28 71
27 63 72
52 33 14
85 85 34
66 92 12
44 52 32
37 33 18
95 59 36
34 21 80
22 4 96
25 54 15
73 93 3
19 77 96
35 57 4
91 10 23
95 21 59
53 80 34
91 48 60
46 4 73
58 16 65
69 11 77
44 5 97
74 86 76
13 64 55
91 63 31
82 45 77
65 42 19
98 55 70
91 86 25
25 23 43
37 2 41
18 66 28
99 97 98
35 72 76
51 16 84
100 6 31
71 76 48
47 88 70
22 15 99
2 100 54
61 53 3
46 60 37
76 10 62
58 20 9
34 29 37
7 68 97
81 64 71
49 35 2
75 71 84
25 43 87
9 70 2
4 62 87
77 46 98
25 2 9
61 18 70
17 63 22
53 92 12
98 42 24
50 66 61
31 40 41
99 8 69
77 91 2
95 85 81
30 57 67
7 54 41
25 65 34
86 14 22
75 97 59
57 87 8
86 22 44
15 40 98
42 62 90
29 94 95
36 87 6
38 15 17
78 92 39
94 62 11
60 86 100
59 30 95
28 12 87
7 33 36
73 67 79
8 87 8
54 72 3
55 68 37
50 36 93
55 94 1
53 77 48
81 3 94
82 55 91
6 54 76
81 88 84
57 27 68
66 19 66
88 56 9
24 98 37
73 44 1
86 54 55
26 57 61
94 29 61
89 41 20
34 26 6
40 76 92
66 96 69
86 98 75
62 24 38
2 96 76
27 56 28
34 44 71
68 23 92
13 55 55
42 8 52
0 54 4
70 91 100
77 21 90
55 80 45
21 88 44
77 28 9
2 1 3
42 65 78
13 62 100
59 75 48
19 15 33
20 62 88
8 64 34
66 26 38
52 68 7
98 38 32
88 93 40
91 63 85
98 100 65
71 83 38
31 57 62
80 66 44
7 34 65
97 48 53
64 76 28
26 63 84
78 84 95
35 97 48
52 90 42
97 24 78
64 25 83
3 89 85
82 35 76
8 7 32
20 11 46
69 62 92
52 96 17
41 20 71
85 2 99
44 31 91
55 93 15
12 65 66
69 44 38
51 76 26
85 67 94
40 31 94
69 77 100
81 45 30
94 7 87
100 1 1
32 43 54
8 61 41
51 37 95
32 68 96
17 6 40
97 16 13
4 86 31
50 82 26
47 2 34
59 96 91
71 28 11
12 39 71
13 35 36
46 18 82
10 55 4
99 58 92
56 87 92
47 27 41
16 46 80
82 24 95
96 31 25
94 73 33
15 27 85
73 6 68
50 22 62
46 74 16
100 87 47
76 41 73
43 82 18
68 94 26
16 43 68
38 86 11
55 94 47
1 12 64
4 57 29
14 36 81
17 52 13
33 39 73
64 20 30
12 9 17
19 78 93
53 3 4
59 83 100
36 86 34
71 81 41
6 33 77
18 61 15
85 12 5
52 71 59
36 42 44
88 45 37
84 5 4
19 95 1
47 27 8
28 96 15
90 14 81
45 39 23
1 90 31
29 23 13
59 98 12
3 83 27
78 31 43
57 53 73
68 45 5
95 52 21
4 64 60
43 82 22
54 6 54
29 36 86
56 22 38
42 35 78
16 66 92
47 74 14
85 9 98
38 3 52
37 13 100
36 65 62
15 100 82
80 22 42
67 53 15
29 90 66
67 14 93
63 97 5
61 56 2
82 42 37
2 9 3
61 12 61
53 70 66
81 14 29
76 45 72
97 61 94
76 70 22
41 67 73
14 78 60
35 16 42
73 29 39
98 96 13
40 9 35
41 12 92
50 22 86
20 73 91
50 69 97
88 55 34
100 91 95
68 6 13
14 84 31
5 21 40
20 46 63
43 41 16
64 81 11
50 95 41
23 1 19
77 97 48
59 22 76
60 34 72
40 29 7
73 94 45
51 32 31
41 98 74
69 3 81
16 86 46
85 73 70
3 40 45
42 63 85
7 29 92
72 98 89
6 36 66
33 35 34
87 63 13
16 20 13
4 90 64
45 83 96
0 71 40
57 52 31
21 61 42
61 63 52
52 10 20
52 29 5
4 11 83
17 78 67
75 18 61
8 47 90
100 63 3
10 38 38
44 4 23
79 46 84
93 92 92
100 17 30
37 92 57
10 86 69
42 73 40
45 24 7
39 85 37
31 15 100
28 81 52
35 45 55
19 77 72
9 77 77
2 48 25
36 12 28
86 89 75
23 8 13
74 35 78
84 40 70
64 16 62
99 92 73
57 59 38
54 28 31
28 9 52
73 41 26
16 88 96
34 14 7
52 44 12
32 38 20
17 79 13
0 68 90
98 69 74
44 33 42
10 33 21
54 18 72
55 98 32
68 82 88
71 35 27
43 48 99
16 53 10
51 72 5
46 65 73
83 89 31
61 58 61
97 87 65
62 46 8
57 92 78
60 4 61
90 58 66
83 15 78
87 21 91
34 9 32
65 18 82
39 68 98
82 56 91
58 36 22
45 58 69
13 82 4
2 67 55
71 52 15
19 38 41
67 60 11
83 83 38
21 53 4
55 83 24
99 99 99
8 59 6
8 2 87
97 76 47
37 65 24
51 34 61
0 10 42
99 41 62
35 71 80
7 56 41
70 29 55
25 76 48
81 30 41
20 18 1
87 40 57
17 31 57
72 21 28
41 32 82
9 100 8
8 44 91
81 38 43
63 73 6
81 38 96
87 47 83
69 25 52
54 98 4
62 17 79
17 26 74
49 34 10
1 69 27
34 64 3
82 2 69
83 88 33
95 20 58
14 89 2
60 24 94
19 8 1
45 39 5
77 41 62
87 66 72
34 85 73
7 84 22
80 70 89
89 99 82
48 59 23
23 7 39
82 86 16
19 7 99
19 90 69
97 81 53
66 43 12
99 77 4
84 53 47
75 56 53
70 16 5
57 75 37
13 78 5
49 60 88
60 81 83
72 69 8
82 70 56
42 12 84
98 29 77
94 30 67
63 43 23
53 85 73
96 46 9
44 35 57
91 35 47
45 70 62
4 64 27
80 2 41
5 20 37
65 48 46
70 25 2
47 12 95
7 52 33
24 81 77
95 88 7
58 91 89
5 100 52
90 63 36
41 5 75
1 81 66
8 58 1
54 70 59
62 48 83
45 38 11
61 11 97
2 21 41
52 36 12
86 25 64
52 79 8
53 5 47
15 70 53
1 74 53
42 7 15
38 42 11
89 80 48
0 55 55
95 44 79
57 41 42
4 47 5
32 96 39
95 53 33
85 96 27
51 26 61
36 54 38
79 26 26
77 89 75
75 55 81
0 65 91
22 45 39
63 75 34
47 71 80
55 71 46
100 26 16
84 79 64
36 17 39
83 21 71
82 32 14
4 80 61
84 93 54
99 35 58
52 58 41
31 90 6
93 54 6
23 74 80
99 70 86
97 40 88
38 31 43
51 39 32
100 64 45
20 14 88
65 77 76
58 85 42
80 94 17
7 29 86
5 42 25
24 24 77
44 68 69
25 61 69
88 27 3
13 63 44
54 53 91
25 17 18
82 79 96
28 62 38
91 59 33
88 76 98
16 15 64
6 26 84
43 58 83
61 38 36
99 92 60
81 64 70
86 67 92
6 68 91
12 55 55
91 2 11
100 9 27
1 55 20
63 39 40
42 91 58
67 45 63
34 59 57
55 99 81
84 90 1
79 40 83
93 28 75
30 29 57
68 13 87
42 93 80
48 55 54
25 43 2
100 97 2
95 95 17
80 78 67
0 34 29
56 56 52
36 98 27
91 86 32
75 63 74
25 85 66
9 78 90
100 47 93
20 41 6
50 22 39
16 66 96
89 21 73
19 23 85
34 72 48
7 25 48
27 69 53
84 26 67
12 7 78
71 75 75
33 6 28
99 60 89
51 16 83
90 69 64
6 74 32
96 23 25
18 82 44
41 87 80
0 92 67
65 81 74
94 30 5
95 11 94
9 67 98
74 27 60
18 22 25
35 22 38
35 64 17
7 21 17
0 44 99
10 34 82
33 69 55
75 33 74
76 84 67
33 34 86
42 58 87
100 91 18
22 61 99
27 5 38
10 36 76
28 14 70
95 24 55
54 86 32
21 52 78
32 81 7
0 39 48
61 55 7
32 98 7
17 24 45
87 20 40
23 60 91
66 17 16
52 23 15
73 9 85
52 72 19
57 48 78
14 58 26
85 93 63
77 31 9
84 79 77
66 22 24
75 31 59
65 83 43
28 95 98
5 77 3
67 95 83
25 60 20
17 37 79
31 46 91
98 39 27
30 9 85
32 46 61
26 54 1
35 81 8
5 98 52
40 32 40
77 89 85
91 2 12
31 43 35
78 12 26
88 40 84
65 77 35
98 87 25
6 23 99
33 17 14
19 32 69
96 44 13
85 85 71
52 60 75
71 28 4
38 10 22
81 16 88
52 22 97
10 32 14
25 63 58
91 65 22
58 18 38
27 23 13
34 98 65
80 25 64
23 7 3
90 76 61
22 28 37
50 96 59
31 30 58
90 69 60
61 11 61
46 38 10
8 88 1
10 28 72
6 90 7
90 16 86
83 77 98
51 57 31
62 59 95
41 58 27
29 25 59
43 81 99
19 67 40
1 23 57
43 30 26
100 39 9
39 39 55
63 47 47
79 29 41
1 28 70
32 60 75
1 22 6
0 89 69
31 11 66
100 91 42
7 52 70
60 5 38
38 8 35
5 92 68
62 18 5
76 77 73
83 77 15
85 16 71
78 28 94
61 89 91
91 24 30
83 41 63
75 96 31
58 90 100
12 8 16
83 62 4
75 9 23
59 75 32
11 5 82
66 68 37
49 32 95
24 66 29
54 36 40
30 5 55
